examples/vvv64/Dif.asc
NCOLS 31
NROWS 51
XLLCORNER 2.7995
YLLCORNER -0.01
CELLSIZE 0.001
NODATA_VALUE -99999
[rows 0 to 37 of 51, columns 0 to 30 of 31]
0 0 0 0 0 0 0 0 0 0 0 0 0 0 0 0 0 0 0 0 0 0 0 0 0 0 0 0 0 0 0
0 0.639316642407 1.31089548147 1.73184212131 1.90622028215 1.93976597108 1.86846320015 1.7550255663 1.62397351866 1.50429739461 1.40310823995 1.32246428437 1.25327886916 1.17797771306 1.08022478562 0.933432295472 0.727224094705 0.434783509321 0.0644904255848 -0.409069313654 -0.946410558738 -1.58141499098 -2.22523080912 -2.95114525228 -3.57967406074 -4.30460489341 -4.73863239072 -5.41095259418 -5.34126450669 -6.01551524216 0
0 0.606151368313 0.777288396113 0.974621421827 1.13647548558 1.25350923602 1.31797013046 1.33935031702 1.32721936703 1.29225851522 1.24640552725 1.19370057515 1.14277991909 1.08742879238 1.03270230204 0.961792189976 0.88049276588 0.762847227729 0.622769308193 0.425702536323 0.202637888993 -0.0921208662568 -0.40095058933 -0.786363087256 -1.15771817596 -1.59468650634 -1.99188855946 -2.39231557564 -2.82174775933 -2.93931029825 0
0 1.113533912 1.00488702087 0.954475728048 0.938776542399 0.941656401304 0.94895723012 0.951824558291 0.946856482095 0.931153070674 0.907699537506 0.875644833175 0.840435846274 0.799885789816 0.759192007223 0.712845137867 0.664669129764 0.605946481233 0.539092318619 0.45471842234 0.352994109385 0.229964961015 0.0780131030965 -0.087721999444 -0.300855828068 -0.495590593671 -0.777682123128 -0.963069375867 -1.31983792471 -1.4459543625 0
0 1.07706609162 0.93289263276 0.817725183649 0.728343432951 0.660645819187 0.609302338787 0.568842252078 0.535048693173 0.504156726195 0.474017511561 0.443375569305 0.411350890652 0.378939518334 0.34460983456 0.311344174263 0.274551735805 0.240081973229 0.197517003212 0.158391198418 0.102785932747 0.0532798314321 -0.0249765500706 -0.0905962694696 -0.200225804473 -0.286460950248 -0.429295591986 -0.543335243036 -0.70061601313 -0.86926611394 0
0 0.418299542001 0.351622353662 0.280711599066 0.212035594792 0.149252620819 0.0939746171826 0.04647695698 0.00568855784341 -0.0290427626561 -0.0600397052707 -0.08701443093 -0.113032576083 -0.135712506048 -0.159529223884 -0.17932414716 -0.202397242277 -0.219975291719 -0.243911176844 -0.260656840236 -0.288169351913 -0.307052806325 -0.341675435508 -0.367707912988 -0.412427191478 -0.453358111203 -0.508173393919 -0.574565200883 -0.635160867423 -0.734446058666 0
0 -0.470895648083 -0.497961221686 -0.52852061149 -0.559768087414 -0.590061115054 -0.616902577469 -0.639581526646 -0.657293270946 -0.670343187785 -0.679343864963 -0.684687865778 -0.687745441112 -0.688183001139 -0.687983879405 -0.685775424382 -0.684301908297 -0.681096270211 -0.679775130383 -0.677052527839 -0.677158199172 -0.676726468394 -0.679553995752 -0.683945520888 -0.691169570798 -0.703985963408 -0.718032066261 -0.743275040436 -0.767455606356 -0.807790543108 0
0 -1.45361750007 -1.45452423283 -1.45240757912 -1.44429189672 -1.43127648255 -1.41115967398 -1.3861744177 -1.35513005038 -1.32111401099 -1.28328009196 -1.24501392743 -1.20493010868 -1.16658752069 -1.12756139519 -1.09208994397 -1.05616067756 -1.02550282571 -0.993706810305 -0.969106468733 -0.941915957665 -0.92408973495 -0.901821738971 -0.890906121045 -0.874941215578 -0.870359155307 -0.864823931379 -0.864370174167 -0.876847372857 -0.876746269841 0
0 -2.43811169548 -2.39715381831 -2.34235566261 -2.27004015718 -2.18592458403 -2.08972545184 -1.98858902515 -1.8822686498 -1.77744509529 -1.67274914882 -1.57412352383 -1.4784540588 -1.39150617452 -1.30820842279 -1.23531225394 -1.16523097866 -1.10707301502 -1.04959709611 -1.00603078929 -0.959779142024 -0.930259986171 -0.893270991547 -0.87702977015 -0.847721467873 -0.843942647943 -0.823100479728 -0.828820709397 -0.824300528456 -0.826426758743 0
0 -3.27256409395 -3.13143753441 -2.95666934845 -2.75584186401 -2.54644285513 -2.33267899315 -2.12621359843 -1.92685384386 -1.74217577427 -1.56966063097 -1.41449201803 -1.27265997288 -1.14813551577 -1.03600000848 -0.940152880655 -0.854725035135 -0.784562672799 -0.722121731892 -0.674566486105 -0.631187322761 -0.60360691449 -0.574625193837 -0.565550437446 -0.545038038047 -0.556611659516 -0.535590197151 -0.57684243786 -0.541636515398 -0.623981636351 0
0 -3.61432282189 -3.20574763241 -2.78253511941 -2.37544267412 -2.006102292 -1.67198687527 -1.37878597792 -1.11893022839 -0.894699945074 -0.699219303357 -0.533425750709 -0.391757726799 -0.27397407491 -0.176384584298 -0.0974748112942 -0.0358612295649 0.0117125438506 0.0439329361536 0.0664618524835 0.0744812658425 0.0774594742053 0.0658771202483 0.0544181024035 0.0273240857834 0.00409990757799 -0.0314999804172 -0.0762737444598 -0.0880936865396 -0.227980703694 0
0 -2.51157984212 -1.55943691286 -0.879426038374 -0.367182742599 0.0229312044001 0.330741242077 0.570167614426 0.761278010477 0.908434307046 1.02327641293 1.10734009704 1.16811134012 1.20689253819 1.22758128644 1.23289977339 1.22255723113 1.20257495915 1.167304741 1.128293722 1.07208893151 1.01977603362 0.945287650811 0.887423153994 0.792553028751 0.744158954638 0.610425593355 0.614854817845 0.364706503529 0.578485386344 0
0 3.41468903235 3.46605146888 3.51546506503 3.54486585863 3.54326323538 3.52033457992 3.4741091355 3.41540204919 3.34136323927 3.26052233112 3.16854421769 3.07333696548 2.96947032403 2.86390945883 2.75141769184 2.63691819231 2.51733434606 2.39429456531 2.2687026803 2.13736263172 2.00636007298 1.86937536205 1.73294191478 1.59660314461 1.44995691358 1.32920620734 1.151927342 1.08909921824 0.802533172461 0
0 9.48776876151 8.78532368529 8.14390658273 7.57211069862 7.0625909368 6.61018177736 6.20214220591 5.8369309816 5.50164796742 5.19877946998 4.91411109738 4.65552612622 4.40591259394 4.17779865104 3.95133127428 3.74264525367 3.53025663712 3.33265954225 3.12850335973 2.93567435541 2.73598035469 2.54564833064 2.3479671732 2.16368148717 1.96050934712 1.80065087203 1.56438918685 1.4773620228 1.1487332726 0
0 12.7366705925 11.4070622777 10.3187457424 9.39602324677 8.60560729622 7.91853868032 7.31681264676 6.78886814063 6.31815850382 5.90348181556 5.52534139096 5.19098856457 4.87590348298 4.59634492039 4.32138653017 4.0777124124 3.82618111657 3.60466035035 3.36565352138 3.15601646371 2.92502608748 2.71737158709 2.49792238378 2.27859743453 2.08811505989 1.83732344824 1.70314022703 1.41268052095 1.30144211121 0
0 9.77980193818 9.02895774116 8.30352480685 7.62818652894 7.02596402364 6.48464939603 6.00620331187 5.58047701641 5.20112415744 4.86669726471 4.56480409865 4.29721384936 4.04693246759 3.82370488664 3.60300381593 3.40830216469 3.20089458142 3.02320653388 2.81532381294 2.65038702117 2.43550416035 2.27832813725 2.05355647721 1.89452531146 1.68314896524 1.47984523789 1.38725320854 0.948243131837 1.35848312558 0
0 3.76089419096 3.44062578098 3.23344281656 3.06743583237 2.9312165532 2.80166765367 2.68673723454 2.57414151044 2.47472053581 2.37692914649 2.29142029845 2.20601012152 2.12945030944 2.05030870307 1.97415630154 1.89446553187 1.80914939196 1.72464683796 1.62063520023 1.53300763141 1.39885520076 1.32252756426 1.13641705116 1.11087710036 0.82190712557 0.943143288048 0.428754169937 0.88486591344 -0.0615429740239 0
0 -4.27490277787 -3.43534681557 -2.78691704199 -2.27159227803 -1.84508874742 -1.49659500145 -1.19661651626 -0.951427776682 -0.730861182632 -0.553158944265 -0.38422624946 -0.252794876177 -0.119726464256 -0.0257285282175 0.0771751308737 0.134321780476 0.208025541324 0.226318490858 0.271856458435 0.249954391012 0.269772125669 0.212611890013 0.209151798957 0.138184843563 0.0886804865488 0.0929186165445 -0.169514692874 0.322757104655 -1.04802966234 0
0 -8.43845644122 -7.44025644642 -6.55082247489 -5.76923344602 -5.08159280628 -4.4838687101 -3.94930554286 -3.48922347505 -3.06798782283 -2.70709517349 -2.36392430891 -2.07577227788 -1.78960308132 -1.56152348358 -1.32204382215 -1.15194770431 -0.952802537778 -0.844266044509 -0.677535410055 -0.637313808951 -0.485173551456 -0.533501736554 -0.345877385827 -0.540260373393 -0.181157151432 -0.742139954314 0.243068374515 -1.52206685946 1.79392519969 0
0 -8.46309122185 -7.65021522493 -6.92467476727 -6.26388903599 -5.64892645748 -5.08984068376 -4.56859384398 -4.10111907526 -3.6611588633 -3.27125994924 -2.89662093425 -2.56888836721 -2.24553268458 -1.97022989314 -1.69102519588 -1.46574963803 -1.2284713623 -1.0545179979 -0.858880390123 -0.737471783028 -0.582525496617 -0.508136478067 -0.394581559206 -0.342473296384 -0.299188695536 -0.169691030017 -0.378971843265 0.269243545313 -1.13027636116 0
0 -4.79205316605 -4.71458676943 -4.45018360349 -4.12560782104 -3.77667423164 -3.43877418709 -3.1075550299 -2.79891778746 -2.49959019017 -2.22228229392 -1.95147650968 -1.69932680276 -1.45171455458 -1.22063779542 -0.995911311956 -0.786412558149 -0.590598069736 -0.405167992784 -0.248270884395 -0.0862000337836 0.0174033057887 0.170241915326 0.195368628369 0.380856619349 0.270323705745 0.593950184195 0.209707380823 0.893439143904 -0.0265587354 0
0 -1.66951895335 -1.08347684552 -0.788371790185 -0.633470246751 -0.533246487516 -0.459647900116 -0.389879164665 -0.320571937533 -0.245767199 -0.161149886208 -0.0712635521251 0.0332368659503 0.138114274843 0.25998868469 0.374816247343 0.507842825302 0.619973464763 0.754694197571 0.851545445021 0.979234177475 1.04965970171 1.16182607616 1.20430919999 1.28496308816 1.32948703105 1.31525128269 1.50235627061 1.13499924388 1.99842612375 0
0 5.11994724075 4.27783310622 3.70092876518 3.27040206001 2.93202884629 2.66053900588 2.43611856917 2.25815097375 2.10993556007 2.00184149844 1.91297141559 1.86247476605 1.82207400949 1.81911313267 1.8162465414 1.84919232329 1.87112594829 1.92610322337 1.96032838819 2.02200939102 2.06004298669 2.11243791948 2.15475308882 2.1786811397 2.23815926505 2.21526900897 2.30260816314 2.26379365169 2.25469666869 0
0 7.39174147224 6.65429513623 5.99922410502 5.43573148454 4.94683377228 4.53245370182 4.17060510836 3.8690893948 3.60408671732 3.39030502944 3.20155032625 3.0593392332 2.9332501021 2.85080410365 2.77593398715 2.74146505261 2.70669731941 2.70728566867 2.70090027348 2.72308188022 2.73464983949 2.76789267926 2.78831828139 2.8281225892 2.84393376429 2.90337206943 2.88223372 3.00896847931 2.88373795869 0
0 6.36080846506 5.98027958187 5.58344595217 5.20190539778 4.83750771178 4.50987491059 4.20828069748 3.94867485856 3.71350190826 3.51908319044 3.34441146568 3.20881022665 3.08819314562 3.00526750203 2.93224568709 2.89514439055 2.86246057073 2.86299076604 2.86151966957 2.89076152761 2.91061476463 2.96187786145 2.99302237251 3.06271459231 3.09348186212 3.18224570444 3.20435304451 3.3049470698 3.33547345101 0
0 3.55113354157 3.42518450107 3.2787115697 3.13102705056 2.98229266329 2.84708476881 2.71998574875 2.61232111307 2.51504138057 2.43857159452 2.37226666057 2.32778303849 2.29301344553 2.28125971663 2.27822399003 2.2991454789 2.32619489635 2.37751016233 2.43004952781 2.5068906416 2.57856103532 2.67485515011 2.75990742822 2.86782285354 2.9607419517 3.07159831803 3.17235452209 3.27309224711 3.38891524729 0
0 -0.0440637358822 -0.00395382920787 0.0530520301567 0.126370200876 0.207579481015 0.294147509333 0.381546194791 0.468500591612 0.5543124412 0.638268840358 0.722732422786 0.807340794847 0.896218466391 0.988616106682 1.0892147768 1.19666680363 1.31398517235 1.4405800243 1.57521315721 1.72014734031 1.86875266928 2.02652266169 2.18528943466 2.34587598166 2.50972185768 2.66265870765 2.82973341997 2.9678709277 3.12918194722 0
0 -3.80446075303 -3.52705094478 -3.1968015624 -2.85461153643 -2.51961357582 -2.20524267229 -1.91043481282 -1.64328469439 -1.39343753555 -1.16984004172 -0.955693746063 -0.762980884145 -0.569460989347 -0.391477712686 -0.202596482252 -0.0242624661356 0.172532852573 0.361640171475 0.572263080409 0.775673271085 0.997873921493 1.21159595221 1.43694526951 1.65173254093 1.87026078206 2.07480878828 2.28597989278 2.45786837954 2.69336706786 0
0 -6.94661422204 -6.03679581568 -5.2896272289 -4.6623477537 -4.12469665434 -3.66296982198 -3.25650721657 -2.90533168013 -2.58765513353 -2.31237903785 -2.05290469144 -1.82722979104 -1.60021293997 -1.3990563752 -1.18161884602 -0.985035522567 -0.758355843652 -0.552408880629 -0.305769981141 -0.0844287520034 0.18198495889 0.415232956712 0.682287040282 0.922028624364 1.16973005238 1.41599551351 1.61513011622 1.8849709285 2.001950323 0
0 -6.01254230377 -5.26242496514 -4.66340141738 -4.17276801391 -3.76367021408 -3.41932317328 -3.12216742234 -2.86884660572 -2.64196989553 -2.44656395078 -2.261394251 -2.1008833991 -1.93472334997 -1.78743779162 -1.61975705739 -1.46871728139 -1.28121242612 -1.11466209306 -0.895257169371 -0.709294082202 -0.455060097903 -0.25672945361 0.0178627833553 0.216265180525 0.495183675468 0.688621062906 0.937118823215 1.16003144898 1.29227175575 0
0 -1.45549678362 -1.62558961428 -1.7183708475 -1.76558765344 -1.79162908183 -1.80121874815 -1.80362601256 -1.7978547797 -1.78879183141 -1.77339381871 -1.75390852861 -1.72875971356 -1.69543724767 -1.65557570954 -1.60070537107 -1.53895856609 -1.45202789789 -1.36176832429 -1.23324897741 -1.11330289977 -0.937652856037 -0.798328159117 -0.572401395626 -0.44202408268 -0.15832655973 -0.0839251044295 0.288202151953 0.237805167431 0.74127664262 0
0 2.37937850199 1.74070883116 1.17553890755 0.698556395643 0.291031941413 -0.0443556034263 -0.334142305162 -0.568500140619 -0.776154217199 -0.938849398385 -1.08893991082 -1.19965369558 -1.30851557936 -1.37926194987 -1.45371170972 -1.48614073476 -1.52456470813 -1.5133730354 -1.50930642573 -1.44847997037 -1.39681909427 -1.28796565291 -1.18732020851 -1.04791276697 -0.898767002292 -0.777032931984 -0.531287632936 -0.593340947256 0.0715837915394 0
0 3.84452857736 2.93594694797 2.20200562239 1.59763390945 1.07613906436 0.638009576267 0.245146356649 -0.0808788618773 -0.381021123015 -0.624238455196 -0.859698710828 -1.04023638812 -1.23241783855 -1.36955530111 -1.53036466784 -1.62635210428 -1.75876051903 -1.80520203922 -1.90331737643 -1.88501500558 -1.94590621987 -1.8506887774 -1.88763699868 -1.69530507531 -1.76380910358 -1.41526539601 -1.69313868174 -0.898755417661 -2.03658441504 0
0 1.27275537627 1.00646626341 0.706808879383 0.408789131523 0.109335218352 -0.167670634015 -0.440510057238 -0.683024678681 -0.924183908258 -1.13002952805 -1.34171806383 -1.51494735989 -1.70381829332 -1.8485588777 -2.01869738269 -2.13275078203 -2.28314842322 -2.35781192042 -2.48382596903 -2.50605777191 -2.60329459659 -2.56211090515 -2.6307882413 -2.52974474555 -2.56607858036 -2.45001315897 -2.37976932429 -2.46465843575 -1.85045494943 0
0 -2.10051680569 -1.90303224132 -1.808382663 -1.77925441148 -1.80188000766 -1.85383984927 -1.93239973795 -2.02251324681 -2.12856615012 -2.235063411 -2.35268330252 -2.46589181226 -2.58795180361 -2.70061733492 -2.82110916086 -2.92581910544 -3.03752755697 -3.12596855325 -3.22204691645 -3.2850174754 -3.35871999116 -3.38661768631 -3.4341934285 -3.42353833 -3.44742807931 -3.39562068511 -3.40481896282 -3.30878760622 -3.32483721994 0
0 -4.17602284669 -3.97294270959 -3.79742441286 -3.65762102628 -3.54927987084 -3.47686070932 -3.42613012363 -3.40598714153 -3.3971369696 -3.41633379201 -3.43829877427 -3.48887122572 -3.53322133766 -3.60755177586 -3.66532717196 -3.7555512295 -3.81429779075 -3.91160613839 -3.95952644847 -4.0597687594 -4.08754300903 -4.18579409339 -4.1825059894 -4.26761518177 -4.24012865806 -4.27065671866 -4.3115931597 -4.0728496143 -4.66617258349 0
0 -5.04576390535 -4.89631556143 -4.74374121885 -4.60771942983 -4.48051100809 -4.38488132242 -4.29660970767 -4.24019918006 -4.18175569703 -4.16436352213 -4.13854327439 -4.15913504969 -4.16101183515 -4.21609460088 -4.24067329702 -4.32613668338 -4.35866337289 -4.46254799025 -4.48612941342 -4.60933862659 -4.61530536841 -4.76432293353 -4.72178848859 -4.90585866707 -4.75480072088 -5.06482848305 -4.62142645727 -5.43147803715 -3.91766219191 0
0 -4.86256742796 -4.72134566757 -4.58945619111 -4.48359098363 -4.38592056903 -4.31750511102 -4.25182017464 -4.21826020672 -4.18158493385 -4.1814104592 -4.17261006962 -4.20641761919 -4.22374385938 -4.28984053024 -4.3281008479 -4.42164394093 -4.47171087175 -4.58512116298 -4.6369323601 -4.7641926482 -4.80930085872 -4.94083516653 -4.97161828748 -5.08753347672 -5.11552195907 -5.16110089949 -5.28606339964 -5.03355302591 -5.74972230521 0
