examples/vvv64/Nvs(Time,Ro)_SvF.asc
NCOLS 31
NROWS 51
XLLCORNER 2.7995
YLLCORNER -0.01
CELLSIZE 0.001
NODATA_VALUE -99999
[rows 0 to 35 of 51, columns 0 to 30 of 31]
-7.61076723273 -6.5019366806 -5.41794394678 -4.39645130276 -3.47384301168 -2.68431258038 -2.05824108247 -1.61317527306 -1.34841108221 -1.2400081677 -1.2417246353 -1.289866228 -1.31237404161 -1.2387345818 -1.00889344022 -0.579636935646 0.0719678636149 0.947326878613 2.02733531658 3.27398735288 4.63342382911 6.03866155606 7.4149182606 8.68498032527 9.77879359921 10.6408504534 11.2417471677 11.5813588915 11.6981857042 11.6608752033 11.5859049917
-6.88951554343 -5.77208327162 -4.68080173128 -3.64716954876 -2.71011497337 -1.9029820187 -1.25840730798 -0.79405453484 -0.510624573854 -0.383762414034 -0.36720384682 -0.396012900479 -0.397333528849 -0.299612838649 -0.0423599353074 0.417753250463 1.10342088623 2.01523054021 3.13336443697 4.41833257809 5.81544868632 7.25571176332 8.66356704518 9.95926221698 11.0725787362 11.9454359659 12.5501170538 12.8844877801 12.9919461687 12.9388057756 12.8485768035
-6.17057486712 -5.04810675819 -3.94855901413 -2.90320687078 -1.95068625043 -1.12552518317 -0.461605687277 0.0224090293386 0.32483617564 0.470108692716 0.504794335923 0.495051616715 0.514740591889 0.636547124296 0.921468814844 1.41305121693 2.13366421622 3.08318664679 4.24084128763 5.56582123989 7.00218214916 8.47921144641 9.91985281276 11.2424093559 12.3752613037 13.2590219887 13.8654491357 14.1932419967 14.2862191178 14.2163793127 14.102519291
-5.45807772804 -4.33078294642 -3.22180712727 -2.1639988104 -1.19469979795 -0.350375001831 0.333983038521 0.838025533636 1.15919821214 1.32173037317 1.37283545697 1.38010137676 1.41878272523 1.56298873429 1.8743270897 2.39675960915 3.15214691058 4.13984325677 5.33770081602 6.70389584927 8.18062739693 9.69594926651 11.1703297631 12.5207791922 13.6727909905 14.5667584055 15.1719883825 15.4899056775 15.5627365431 15.469990861 15.3259686414
-4.75369443442 -3.61902733013 -2.49942697803 -1.42759160953 -0.440125206311 0.424665535937 1.13013109074 1.65401918363 1.992597477 2.16990912945 2.23399596808 2.25433603695 2.30795240552 2.47083097065 2.80529862621 3.35599078446 4.14410505437 5.16862884634 6.40573305836 7.81276056717 9.32970261864 10.8835729646 12.3918515136 13.770264973 14.9408071507 15.8434661395 16.4448718296 16.7486721696 16.7965781272 16.6736245374 16.4938620007
-4.0590771256 -2.91399718319 -1.78267175076 -0.695132538339 0.311756838439 1.19803860221 1.92465611288 2.46739516186 2.82082155443 3.00901133459 3.08090053479 3.10853133068 3.17104813163 3.34689230186 3.69924538984 4.27369090421 5.09070881471 6.1489845795 7.42289111265 8.86890170748 10.4247965182 12.016358386 13.5580809527 14.9637834007 16.1520655124 17.0614308139 17.6564901337 17.9416532173 17.959838785 17.7994155997 17.5780237869
-3.37672508937 -2.2191717233 -1.07538063916 0.0290355183991 1.05611595296 1.96425262608 2.71123582053 3.27080882243 3.63524486255 3.82893490837 3.90176002931 3.92912619739 3.99269021729 4.17399230462 4.53725452168 5.1292750085 5.96985183206 7.05736466973 8.36439016383 9.84637464364 11.4390514584 13.0666354502 14.6407813525 16.0726142852 17.2775004016 18.1913241774 18.7771560534 19.0390348407 19.0221382475 18.8171570575 18.5476983281
-2.70938938063 -1.53831466071 -0.382025880247 0.739720541484 1.78692578581 2.71634331138 3.48183693187 4.05499477259 4.42520282336 4.61741759584 4.68259955693 4.70034601766 4.75534511824 4.9328528683 5.29841791593 5.90026535425 6.75763363279 7.8685538347 9.20383627082 10.7177467772 12.3441149123 14.0053570167 15.6102551631 17.0666748285 18.2865150288 19.202334542 19.7754823393 20.0092495178 19.9512020245 19.6945633151 19.3697392651
-2.05876139061 -0.874139951749 0.293673101764 1.43234565591 2.49849516168 3.44742911523 4.22829320839 4.81030528553 5.17949026111 5.36142589225 5.40853861011 5.40531037248 5.44026993028 5.60282147104 5.96034932842 6.56255177041 7.42839119272 8.55542702946 9.9127732404 11.4533826004 13.1092786487 14.8010293758 16.4342561841 17.9133112366 19.1459147811 20.061089567 20.6175595331 20.8182457649 20.7123403196 20.396881968 20.0084811178
-1.42371515554 -0.227139644766 0.95019269383 2.10423361656 3.18690468222 4.1521418284 4.94386575746 5.52827701611 5.88799637979 6.04874620291 6.06534787653 6.0274722672 6.0288180413 6.16298151679 6.50007607287 7.09102065375 7.95505834553 9.08900785418 10.4604771456 12.0209351932 13.7007698184 15.4187571564 17.0769557236 18.5761228251 19.8188014441 20.7305522449 21.2660355167 21.4287123938 21.2678583822 20.8864906285 20.425561031
-0.797942973512 0.405947472715 1.59027882848 2.75654099976 3.85232205997 4.82913302163 5.62610675414 6.20473904197 6.54508220166 6.67154616881 6.64311571067 6.5543573616 6.50611132133 6.59575275284 6.89740958855 7.46270220695 8.31195236883 9.44090705133 10.8159637184 12.3869258261 14.0828923316 15.8209617259 17.499295568 19.014956508 20.264361957 21.1695634289 21.6797052672 21.7995292374 21.5768750732 21.1225437894 20.5801093438
-0.166926215051 1.03474390336 2.22416445124 3.39786237359 4.50331169961 5.48604816876 6.28248637969 6.84611938941 7.15639916734 7.23376005909 7.1439036008 6.98561013925 6.86911762165 6.89510843323 7.14296226283 7.66464722074 8.48222657763 9.59037862507 10.9544291087 12.5225766754 14.2230929009 15.9717546309 17.6625401669 19.1887599745 20.4399801242 21.3343056381 21.8144978053 21.8861743229 21.5958647633 21.0610078948 20.4297224081
0.494871000545 1.68047779286 2.87515228488 4.05113888002 5.16451734878 6.14838467466 6.93993209809 7.48005611031 7.75012547285 7.76329116428 7.59436588352 7.34636857119 7.14025419156 7.0805829961 7.25217090636 7.707977373 8.47166595693 9.53779946953 10.8701782238 12.4160784201 14.1033088003 15.8474183147 17.5375847046 19.0639238554 20.3083009082 21.184437832 21.6282383383 21.6446872854 21.281156334 20.6569725886 19.9323442311
1.22248835178 2.38698622097 3.58984315802 4.76667946538 5.88933496377 6.87309025439 7.65827287363 8.16962936648 8.39155505578 8.32769459937 8.06202764025 7.70450533866 7.3853037306 7.21580538497 7.28438971725 7.64730276315 8.32841031632 9.32448477468 10.5965063899 12.0922642739 13.7391383229 15.454932762 17.1225402794 18.6309066665 19.8527426823 20.6977414777 21.0939645053 21.0446096358 20.5988973893 19.8755443435 19.046803878
2.0507757215 3.20279380556 4.41783016673 5.59999050509 6.7352988846 7.72226866773 8.50195365693 8.98412169196 9.15327690548 9.00485869988 8.62705517486 8.14311421575 7.68736358526 7.38310465928 7.31875451947 7.55737157041 8.12066196548 9.01124127668 10.185419442 11.5935507013 13.1617268904 14.8142623144 16.4253247924 17.8864391781 19.0596607381 19.851882223 20.1822767574 20.0516513543 19.5110931149 18.6779480973 17.7298289346
2.9997646315 4.16529768885 5.39386111595 6.59193187684 7.74179219564 8.73739786248 9.51061465533 9.96604264296 10.079567877 9.84544675449 9.34660973513 8.7247424536 8.11299239994 7.65020943086 7.42208618759 7.50223944761 7.90739799463 8.65048463006 9.68126779824 10.9566710217 12.398358687 13.941625543 15.4498835634 16.8214692214 17.9076757334 18.6151688963 18.852130411 18.6201157878 17.9683902891 17.0173233766 15.9335497201
4.06162958701 5.27526660668 6.51663998268 7.74084100278 8.90318543334 9.90975055621 10.6679705095 11.0959008071 11.1471383549 10.8258486514 10.2070175289 9.4421544403 8.66208169426 8.01997772007 7.59778105424 7.48456867274 7.68961279333 8.23908004398 9.07325668038 10.1663494493 11.4322354036 12.8148014835 14.1681200385 15.399645447 16.3522933274 16.9380433735 17.0464120649 16.6920285681 15.9075394083 14.8394279498 13.6090978858
5.20293163094 6.46575252662 7.71328416879 8.95850475927 10.1222773361 11.1320037935 11.8644037071 12.2582017561 12.2417564076 11.8293229967 11.0836202357 10.1652575214 9.20094620714 8.35628848703 7.71030724181 7.36663965255 7.32843064151 7.63535802869 8.22193351689 9.07829429534 10.1152792812 11.2846653956 12.4360785433 13.4845653039 14.2718648913 14.7135306107 14.6789262626 14.1981642018 13.277644912 12.1004308154 10.7169804457
6.39032745056 7.67020313453 8.91360968776 10.1569490263 11.3034073651 12.2933875189 12.983392535 13.323384448 13.2283260159 12.7128012465 11.8312840179 10.7479029819 9.58697654015 8.51979372866 7.62570752946 7.01695988312 6.69626879807 6.71203780992 7.00138529268 7.56431241395 8.31826617777 9.22203968621 10.12855426 10.9572607778 11.5563521264 11.8418524218 11.6681200978 11.069338643 10.0318127106 8.75769315927 7.24480093004
7.62080687881 8.8752817133 10.1003466555 11.3101554483 12.4205140912 13.35523043 13.9834060226 14.2410111765 14.0468003866 13.4098488969 12.3881416341 11.1336579326 9.77511401448 8.47594420024 7.32125970225 6.4213143891 5.78782759267 5.4682640751 5.41217666996 5.62841529311 6.04334551188 6.62522936918 7.23822247553 7.81192149596 8.19460404295 8.3047044371 7.99754572148 7.28974761458 6.16810829655 4.80412083722 3.23763303613
8.93392247596 10.132211333 11.3295004736 12.4845445829 13.5422212521 14.402197898 14.9555446545 15.1164015514 14.8195049749 14.057973964 12.9000256595 11.4776315774 9.9262470433 8.39407638142 6.97267353494 5.76486062268 4.79507812622 4.10475001443 3.66256337187 3.4815491612 3.50605088432 3.71327415249 3.98650110115 4.26305421926 4.39927002073 4.31462407669 3.87053033741 3.05557202647 1.86231055564 0.417350063421 -1.18344611358
10.4007331216 11.5404075173 12.7060623427 13.8042231553 14.80300379 15.5867190546 16.0619582376 16.1277045128 15.7342898523 14.8587737149 13.5777059941 12.0036372133 10.2747730856 8.52287341887 6.84221346951 5.32538043708 4.00871912091 2.92647004178 2.06779058843 1.44810307443 1.03597510617 0.816982055031 0.699627886054 0.627195245763 0.472874091919 0.156330327408 -0.452576731902 -1.39142797754 -2.67060398376 -4.19733528083 -5.8464643569
12.0977917047 13.2008292422 14.337803937 15.3954113376 16.3427889406 17.0617500474 17.4651067179 17.447156749 16.9637274507 15.9922893733 14.6080160749 12.9092748803 11.0296590987 9.08353787432 7.16676066639 5.35690780074 3.69658300927 2.21571764126 0.921806104101 -0.165915507876 -1.05384659462 -1.74784026863 -2.309195257 -2.78944474822 -3.29209242249 -3.89800881993 -4.72574624919 -5.82690586533 -7.22251421105 -8.84647149139 -10.5662577007
14.0831321146 15.1752232187 16.292524131 17.3283864326 18.238935939 18.9135963626 19.2618890552 19.181933968 18.6291038286 17.5875070373 16.1242017612 14.3292484745 12.3240874481 10.2094980948 8.07526271914 5.98555452366 3.98372984945 2.09825345428 0.350288717907 -1.23300271412 -2.63512092775 -3.84757554684 -4.90307082192 -5.84275239235 -6.74578702613 -7.68864800838 -8.77721508585 -10.0742266066 -11.6137425901 -13.3529639615 -15.1667168127
16.3857743024 17.4864675107 18.597533528 19.6292018622 20.5233235255 21.177947946 21.4953381547 21.3802684716 20.7844562767 19.6994490259 18.1818900532 16.316537875 14.2081768529 11.9472715003 9.61069593326 7.25266486957 4.9115953869 2.61740789943 0.400239288245 -1.69997479354 -3.64681360589 -5.41029658299 -6.99825880239 -8.43465074005 -9.77608312126 -11.0884982839 -12.4676123772 -13.9852919652 -15.6902682809 -17.5610213848 -19.4892306639
19.0068457304 20.1295044676 21.2478222492 22.2910538543 23.1900858828 23.8485462542 24.1607917352 24.0373475159 23.4251704658 22.3223074799 20.775048114 18.8638472543 16.6752315139 14.2905143307 11.7699412096 9.15930298974 6.48793953496 3.7888885939 1.09750417539 -1.52972077136 -4.03901983545 -6.3730288359 -8.5174064437 -10.4748301765 -12.2797919298 -13.9836146734 -15.6741083127 -17.430471147 -19.317380165 -21.3342108372 -23.3933343614
21.9257522102 23.0792584288 24.2149731844 25.2825754516 26.204459178 26.8871305088 27.2170834411 27.1087693083 26.504497596 25.4077273316 23.8556864259 21.9246640012 19.6832111396 17.2027416139 14.5259438194 11.6888924368 8.70957598601 5.62363641311 2.46875659019 -0.680296923087 -3.75416349059 -6.6649236682 -9.37547370442 -11.8688675847 -14.1529639577 -16.2643512289 -18.2818791012 -20.2919666826 -22.3744536354 -24.5515635791 -26.7552844154
25.1078077169 26.2976890606 27.4566088032 28.5569649875 29.5140985919 30.2352629193 30.5998453667 30.5243176696 29.9477217161 28.8779710629 27.3457776983 25.4229356357 23.1619768166 20.6220030429 17.829490942 14.8071852439 11.560606464 8.12540729286 4.53897032297 0.893283018035 -2.72785964515 -6.20684168119 -9.47857094925 -12.5146677098 -15.2871061221 -17.8199068557 -20.1794697178 -22.4595405797 -24.752568361 -27.1057119856 -29.4681531271
28.5114655176 29.7394692599 30.9261117539 32.0628013018 33.0622810293 33.8286674792 34.2370694011 34.2033314966 33.667056937 32.6391649028 31.1482115512 29.2603102562 27.0163690315 24.4596521703 21.6029285171 18.4515085586 14.9979005486 11.2732716232 7.31307757625 3.22154481438 -0.904166103034 -4.92269563892 -8.73513624616 -12.3080211967 -15.5729237237 -18.5390536635 -21.2588448635 -23.8301890008 -26.3556233512 -28.9053730751 -31.4460466317
32.0939670196 33.354358722 34.5783090133 35.753950901 36.8000260144 37.6124547451 38.0673605495 38.0751897434 37.583530715 36.6044734112 35.1704257971 33.3383902052 31.144882931 28.6159183475 25.7503345361 22.5339911953 18.9474541316 15.0097214529 10.7566275088 6.29523115093 1.73646772754 -2.76366431966 -7.08529156582 -11.1704140457 -14.9232008097 -18.3300280469 -21.4306214301 -24.3200558339 -27.1089448249 -29.885301211 -32.6346352827
35.8144120039 37.1028882865 38.373437539 39.5898595288 40.6866535184 41.5452258078 42.0482851691 42.0964286426 41.6511749731 40.726175234 39.3618180675 37.6039798546 35.4910818792 33.03289106 30.2120841955 26.9960390883 23.3526045011 19.2829305803 14.8235774357 10.0767360199 5.16472078148 0.250874493866 -4.54030000518 -9.10592751409 -13.3367834814 -17.1881102101 -20.6873481168 -23.9213051572 -27.0027803436 -30.0367451947 -33.0232077557
39.6321245083 40.9553247175 42.2760507991 43.5348179449 44.6874240257 45.5964275358 46.152745784 46.2475239204 45.8546846207 44.9941764596 43.7135131013 42.0492572622 40.0433058072 37.6925097306 34.9610575216 31.8013554306 28.1647776755 24.0350436986 19.4438119397 14.4872479816 9.29114835537 4.02386288916 -1.18842045007 -6.2035961703 -10.8979894973 -15.1929109441 -19.1006502622 -22.6987929777 -26.0916308093 -29.4060433113 -32.6468742116
43.5004829807 44.8724448256 46.2471891207 47.5566012353 48.769213838 49.7367546627 50.3526036212 50.5061256206 50.1773456877 49.3974219919 48.217102735 46.6658681396 44.7847246441 42.5634268032 39.9472967955 36.8764608758 33.2860807499 29.1453158188 24.4774473171 19.3737148641 13.957042307 8.39862919828 2.82553255872 -2.59461524388 -7.72047151267 -12.4437760864 -16.7587744732 -20.7313578504 -24.4521910673 -28.0636039992 -31.581482768
47.3608910574 48.7962692392 50.2283478434 51.6101471143 52.886218993 53.9182413406 54.594328781 54.8136923822 54.5647073302 53.8851279736 52.822673145 51.4070229921 49.666545042 47.5808540967 45.0891836361 42.1157551642 38.5840492814 34.4531158982 29.7427201812 24.5376973847 18.9607061076 13.1715691304 7.30636610933 1.54599007727 -3.95425766008 -9.06838183128 -13.7763187242 -18.1208217503 -22.1890349399 -26.1073510568 -29.9457563881
51.142897442 52.6449861223 54.1369710434 55.595857276 56.9374283208 58.0402086348 58.7813734513 59.075312715 58.9130089492 58.34356079 57.4076869125 56.1348085479 54.5387015318 52.5927791603 50.2319267526 47.3660826278 43.9091542135 39.8127916749 35.091842621 29.828898239 24.1394627551 18.1754097955 12.0715598867 6.02006175029 0.183558471196 -5.29215711141 -10.3775263456 -15.0857214799 -19.5046746865 -23.7295999691 -27.9013737878
54.7737166336 56.3317460825 57.8791176167 59.4081767982 60.8127130304 61.9855934574 62.7946830607 63.1660406494 63.0907066825 62.6332797461 61.8265113901 60.6961159133 59.2457003218 57.4431065749 55.2205886332 52.4759782417 49.1124118878 45.0749697588 40.369552257 35.0817251875 29.3131150534 23.2150587376 16.9084147689 10.5989350588 4.45337569304 -1.35964968553 -6.80226079462 -11.8583021388 -16.6150177131 -21.1361186465 -25.6319515023
