examples/vvv64/Pi.asc
NCOLS 31
NROWS 51
XLLCORNER 2.7995
YLLCORNER -0.01
CELLSIZE 0.001
NODATA_VALUE -99999
 0 0 0 0 0 0 0 0 0 0 0 0 0 0 0 0 0 0 0 0 0 0 0 0 0 0 0 0 0 0 0
 0 -5.13276662924 -3.36990624985 -1.91532742748 -0.803894691248 0.0367839523582 0.610055892137 0.960971031427 1.11334894477 1.12053498054 1.03590439309 0.926451383854 0.855945340274 0.878364874379 1.03786485028 1.35118554591 1.83064498091 2.45001404951 3.19785486253 4.0092632644 4.86903812753 5.67429677227 6.43833623597 7.00811696458 7.49290467537 7.64083107227 7.81148466292 7.47353518566 7.65068166179 6.92329053322 0
 0 -4.4419553899 -3.17127061806 -1.928585449 -0.814210764897 0.127984052799 0.856364443138 1.36175934632 1.65205554263 1.7623672079 1.75119986314 1.68875219184 1.65752051096 1.72397591665 1.95417111686 2.37484340689 3.0141569821 3.84603387452 4.86361059583 5.99152377622 7.20482003817 8.38709058018 9.51890222346 10.4560462686 11.2175431278 11.6643354824 11.8735605763 11.8009264211 11.4644713584 11.2770690145 0
 0 -3.21724903445 -2.21692010643 -1.20952308237 -0.255923255573 0.591281399445 1.28294026861 1.7898500919 2.10605469421 2.25288344382 2.28053499446 2.25574620992 2.25921857149 2.36287452409 2.63351909691 3.10960474701 3.81681604033 4.745789738 5.87679313464 7.15861427162 8.53362150632 9.92591422754 11.2483428662 12.4330571928 13.3719351625 14.0711678119 14.3943062594 14.5268363017 14.2428986185 14.0240364985 0
 0 -2.54196123854 -1.56653434529 -0.609866425894 0.288218226631 1.08531135512 1.73943342952 2.2228614357 2.52764617017 2.67406585564 2.70801347964 2.69771160624 2.71930329617 2.84977048898 3.14990846076 3.66733495871 4.41865679017 5.40871081955 6.60325006156 7.97115176558 9.43248855137 10.936852796 12.3668749635 13.6796687036 14.7405813462 15.5570051893 16.0155762376 16.2053369266 16.0959621141 15.8043584235 0
 0 -2.49569764122 -1.43104939712 -0.414420939288 0.523792433223 1.34729122303 2.01863073006 2.51387211884 2.82651011228 2.97996857194 3.02086082952 3.02151689974 3.05801555554 3.2111797958 3.53971616594 4.09436675703 4.8883115724 5.92900928775 7.17897993577 8.6082448672 10.1366271662 11.7093055797 13.2164055172 14.5960754877 15.7396383208 16.6080727026 17.1483167398 17.3670880164 17.3246779176 17.064969541 0
 0 -2.69006737139 -1.57334186085 -0.499485093094 0.496347865544 1.37419151103 2.09433324307 2.63122729578 2.9779515916 3.15859172057 3.22241616433 3.24443833158 3.30494477615 3.48580930344 3.84927064223 4.44349958406 5.2855499237 6.37626839945 7.68461503338 9.16932211572 10.7618932592 12.3899089817 13.9612273567 15.3886687642 16.5863308307 17.4873382139 18.0591239871 18.2957598001 18.2546826411 18.0093665143 0
 0 -2.99193216077 -1.83655011306 -0.712687037623 0.3426338891 1.28506682883 2.07067725788 2.66882035488 3.07007277295 3.29630358482 3.39931946492 3.45533209017 3.55041500948 3.76626534753 4.17085652064 4.80817541017 5.70147295512 6.84305100887 8.21012946038 9.74864030828 11.4021989545 13.0812672816 14.7084334239 16.1757687073 17.4115738131 18.3319753865 18.9106584077 19.1448793435 19.0743546515 18.8178170451 0
 0 -3.31225164718 -2.10348071651 -0.910010006678 0.228455004494 1.26150453118 2.1385677565 2.82171626032 3.29722161122 3.58398079686 3.73578946118 3.83118684852 3.96181587133 4.21131529636 4.65214090547 5.3272395163 6.26316021388 7.44835401426 8.8631761441 10.4473518109 12.1494995065 13.8707693895 15.5409851924 17.0362814663 18.298193313 19.2171469188 19.7944590532 19.9894250554 19.888039791 19.5704552091 0
 0 -3.49970373867 -2.18124484056 -0.852435731918 0.431062818159 1.60569897318 2.61118676419 3.40206341753 3.96114253576 4.30657042846 4.49568724536 4.61298024896 4.75615806821 5.01484600079 5.46407606417 6.15086777288 7.10033331017 8.30444518116 9.73835541347 11.3463687069 13.0695824954 14.8151502417 16.5023305295 18.0105723874 19.2737634058 20.1739405852 20.7304453194 20.8518699557 20.7262218666 20.262508992 0
 0 -3.20837534918 -1.615468804 -0.0259941197752 1.47687938568 2.82303072943 3.95411987864 4.82595306381 5.42615197302 5.77684622349 5.94389640706 6.02093161064 6.11435359428 6.32177867769 6.72102500402 7.36522739543 8.27609113905 9.45261959497 10.8598966543 12.4533876784 14.1573735972 15.8984212 17.565172688 19.0693746102 20.2916860427 21.1736633364 21.6482052867 21.7232554928 21.4887813866 20.8945630856 0
 0 -1.47683593894 0.664727538139 2.51843633495 4.13612895673 5.50897937288 6.61322762149 7.41628700358 7.91767717757 8.1421943659 8.16718001352 8.09295023609 8.03722896159 8.10200097126 8.37054354911 8.89754699399 9.70478380863 10.7929535841 12.1217338496 13.6508703973 15.2951818323 16.9915306645 18.6078278176 20.0761831285 21.2325331529 22.0784645927 22.4249233986 22.5010291407 21.9605712668 21.6394932811 0
 0 5.09516682493 6.34120375349 7.5666039448 8.70938320719 9.69164790984 10.4602666778 10.9541652457 11.1655275219 11.1046544035 10.8548882146 10.5149127888 10.213591157 10.0500533201 10.1160803652 10.4593950649 11.1085841493 12.0551338156 13.2644727892 14.6847811004 16.2406714321 17.8537783878 19.4069600667 20.7968657702 21.9049040529 22.6343947457 22.9574445457 22.7966146275 22.3702555523 21.4595057611 0
 0 11.8747549822 12.3751668431 12.910586048 13.4614456623 13.9356811912 14.268454651 14.3717715725 14.2284860375 13.8293425669 13.2608071104 12.6186164362 12.040829857 11.6217179791 11.4621883685 11.5986340376 12.0710555702 12.854741412 13.9291659323 15.2207676338 16.6748126785 18.1909131169 19.6681886102 20.9788738398 22.0164241696 22.658250825 22.8946153775 22.6089988228 22.0762594123 21.0242776162 0
 0 15.939464398 15.8248924444 15.9187362476 16.1313221315 16.3278759642 16.4204923375 16.300934339 15.9421450464 15.323017204 14.5305369907 13.668455607 12.8783521501 12.2590081426 11.9150994402 11.8787581009 12.1983743782 12.8374223935 13.7900797926 14.9592042229 16.3177433544 17.7392884021 19.1426963797 20.3843615621 21.3382581729 21.9399972831 22.0196002058 21.7547915815 20.9237736361 19.9793902087 0
 0 13.9450996273 14.4228188574 14.895456684 15.3699787249 15.7633618864 15.9952640517 15.9722459551 15.6600448937 15.0465709123 14.2133070002 13.2895465526 12.4102062496 11.6971418987 11.2457910745 11.1052432638 11.3157001596 11.8513792117 12.7044743324 13.7719948349 15.0487457084 16.3771297036 17.7282117009 18.8750256988 19.802201045 20.2983178618 20.3319756491 20.0073689966 18.9166334211 18.3758065024 0
 0 9.03616079788 9.95726576391 10.9742838196 11.9706212659 12.8409671096 13.4696381634 13.7826380419 13.7212798655 13.3005691874 12.5839466755 11.7335747389 10.8680918159 10.1494280297 9.64808975746 9.45872497442 9.58407832534 10.0482294361 10.7979035185 11.7869846497 12.9652430352 14.2136566844 15.4906476029 16.5360624982 17.4631704278 17.7599504992 17.9895553531 17.1207827381 16.7924053218 14.7778849758 0
 0 2.19084974892 4.2779373533 6.17158771733 7.8506850581 9.28691504607 10.3678087057 11.0615852399 11.2903286309 11.0984618141 10.5304612914 9.7810312719 8.94815133093 8.23656202274 7.68457871356 7.44381478339 7.46275242195 7.84338356999 8.44825200771 9.35015075374 10.3652336722 11.5544375213 12.6486904333 13.6937171028 14.4100497348 14.8022110972 14.7718448792 14.0286495089 13.6004020167 11.052401153 0
 0 -0.768253306688 1.47335324132 3.60612655137 5.534173919 7.21179471248 8.4995238248 9.37407890501 9.73910254067 9.64481342348 9.12418884421 8.38397867281 7.5112042621 6.73019064716 6.0641840457 5.6949160608 5.54432109359 5.75923527198 6.15711924801 6.88677700374 7.68095236866 8.73686613462 9.59505252328 10.6113833918 11.0160917529 11.6606952702 10.9259801433 11.3124070175 8.50974585096 10.5516183589 0
 0 0.412190491721 2.45013143071 4.38548068109 6.15662505521 7.70630397242 8.89356533876 9.67241733243 9.94568131123 9.74869003341 9.11688168463 8.23703699817 7.20622564706 6.23041151545 5.35102980891 4.73028919301 4.32207795443 4.2397927126 4.35765867186 4.7695349028 5.30587372867 6.04270387238 6.73008599729 7.41733993659 7.85213074641 8.00551574139 7.82785469134 6.91077577113 6.43735184178 3.67384447588 0
 0 5.34015816725 6.61491370439 8.03436097956 9.41661343116 10.6255236663 11.5167704674 12.0088465215 12.0205871874 11.5583837737 10.6777433655 9.52615506757 8.22692024041 6.9423618267 5.75203573938 4.76894931058 4.00866556793 3.51415194456 3.25739537895 3.23327827667 3.41985085041 3.73067745815 4.15674301636 4.4584228475 4.78012663998 4.58494778231 4.46448052152 3.26527940717 2.75574969947 0.39079132793 0
 0 9.8708885639 11.6225854971 13.0158513651 14.1695335432 15.0534725671 15.6023103375 15.7378253481 15.4137179148 14.6130065159 13.4165561079 11.9323736612 10.3080099516 8.66098769371 7.10220215419 5.70019668441 4.5165619462 3.54644350653 2.82248478598 2.29964851943 2.01520928363 1.86664175673 1.8614539622 1.83150444574 1.75783718005 1.48581735846 0.862674550752 0.11092829308 -1.53560473994 -2.19890915706 0
 0 18.3207764828 18.6156370432 19.0963401028 19.6131910006 19.9937788937 20.1256457239 19.8832753182 19.2218784246 18.1022249335 16.6098575735 14.822246296 12.8921338648 10.9056118839 8.98587379918 7.17315434226 5.54577533268 4.08684358966 2.84790932758 1.79441288042 0.968162796497 0.312202718164 -0.196757337437 -0.634691659309 -1.11341128271 -1.6598495548 -2.51047724015 -3.52429770212 -4.95872055928 -6.59177482266 0
 0 22.5669646907 22.9468192671 23.3276105376 23.6746674235 23.8604301349 23.7943427571 23.3525390765 22.4981932235 21.1915937547 19.5145067908 17.5307988009 15.3834266815 13.1427481971 10.926066823 8.761488511 6.72519490225 4.80495077388 3.05757438676 1.46789755954 0.0879609526316 -1.11292570719 -2.1351781425 -3.05443411081 -3.91766443679 -4.84471424396 -5.87384301628 -7.19199288651 -8.60477411063 -10.4692260027 0
 0 23.8472759755 24.5778131097 25.2126478143 25.7252289233 26.0154556578 26.0052130653 25.5885491691 24.7331311354 23.4129509343 21.7009732438 19.6609493409 17.4169870797 15.0354646461 12.6159634355 10.1849105568 7.80673977764 5.47986847034 3.26323005447 1.1615448762 -0.75605207811 -2.49968181819 -4.03638094078 -5.44162836739 -6.71336852879 -7.99501642166 -9.2853666726 -10.7809389206 -12.385321211 -14.2255479336 0
 0 23.680638009 24.6730067502 25.5697654239 26.3211129333 26.8308389175 27.007876504 26.7573332647 26.0374915789 24.8373488606 23.2136197086 21.2361139149 19.0030145525 16.5835277763 14.0512009264 11.4375269799 8.78708501397 6.11508349036 3.47501433783 0.900328756555 -1.53212919375 -3.79446780048 -5.84255129348 -7.7149227482 -9.41196907619 -11.0228727216 -12.6025099946 -14.2581166248 -16.0442879178 -17.9452955898 0
 0 23.035194693 24.2110193553 25.3356274818 26.3308293789 27.0947099899 27.5112309504 27.4903155031 26.9729981876 25.9620397728 24.4939552662 22.647396424 20.4905519344 18.0989600803 15.5145599261 12.7781072136 9.90624278964 6.93762158546 3.90933661449 0.894916234129 -2.03401615026 -4.7961709989 -7.34895104271 -9.68357815006 -11.807087976 -13.7546293712 -15.6192203935 -17.4622332626 -19.4065827076 -21.4223816319 0
 0 22.4932283078 23.9295578586 25.3601634251 26.6594870555 27.7156493435 28.3946026943 28.6138828567 28.3044370216 27.4845335272 26.1759376565 24.4672418895 22.3989959323 20.0525420534 17.4380132292 14.6045887615 11.5363439978 8.29794014534 4.90061049436 1.46554609836 -1.95218637414 -5.20896775976 -8.2669749971 -11.0777224404 -13.6353735812 -15.9496460737 -18.1046609296 -20.173560687 -22.2946999815 -24.4123449178 0
 0 22.792855038 24.8893159383 26.7731740729 28.3999332756 29.7039708248 30.574099579 30.9468242799 30.7617252567 30.0515097691 28.8358325132 27.2074055646 25.1891392403 22.8594392302 20.2038721418 17.2698897125 14.0128650259 10.5149157794 6.76066869549 2.91577483311 -0.988594855161 -4.74071068015 -8.31990328956 -11.6257341565 -14.6508950995 -17.3693236112 -19.84284935 -22.2150588847 -24.4706524228 -26.9034227522 0
 0 27.3418164183 29.3158840481 31.0905494836 32.6272580005 33.8487845309 34.6480373762 34.953022321 34.7146841091 33.9625035155 32.7238618462 31.0769959541 29.0439995318 26.6811949974 23.9628967443 20.9142341378 17.4787368501 13.7285090267 9.64196541559 5.39997398145 1.02717364523 -3.21872441767 -7.34202101953 -11.1525512625 -14.7069356293 -17.8348443715 -20.7420003673 -23.3829370107 -25.948913376 -28.5930294553 0
 0 35.6473915028 36.7478479247 37.8714886813 38.921065865 39.753596726 40.247066421 40.2928026301 39.8533201934 38.9373834025 37.5884242488 35.850071326 33.7623221656 31.3374538123 28.5565084859 25.3953337172 21.8136459349 17.8309026824 13.4618091114 8.84348704243 4.05141788167 -0.686778362212 -5.33862816434 -9.67832890976 -13.7788075642 -17.3464367698 -20.7712732212 -23.6331030052 -26.7649751762 -29.2954685522 0
 0 43.3347032194 44.0167596302 44.7103568525 45.3859804213 45.8874594773 46.1083901806 45.9133816153 45.2861844802 44.2180222425 42.774663703 40.9603173515 38.8436521117 36.3839941513 33.5817955718 30.3476437209 26.6786369407 22.5104789905 17.9304389043 12.9779415559 7.84266838503 2.62704379492 -2.47638610296 -7.39091637879 -11.9459022643 -16.0916779463 -19.8776831942 -23.2300806106 -26.6849717566 -29.3344595197 0
 0 48.716973403 49.1831360687 49.7586068578 50.3668477475 50.8128937271 50.9906131976 50.7512719774 50.0964668259 49.016400869 47.5928642799 45.8061694289 43.7444882561 41.3310089648 38.5777414945 35.346096208 31.6597286457 27.3865552998 22.672245278 17.4703974878 12.0720273015 6.45272297848 0.974843781388 -4.48225224251 -9.41577658792 -14.2075851899 -18.1740398692 -22.4244965321 -25.3509464849 -30.1001884142 0
 0 50.0690246154 51.2348141068 52.3169559936 53.2950081245 54.027576559 54.4266581471 54.373182325 53.8816826516 52.9609440654 51.692643617 50.0653049283 48.1515976822 45.8770358035 43.2406247585 40.0970577817 36.4512984994 32.169967475 27.3849082609 22.0538714157 16.4546483358 10.5682745339 4.74425520425 -1.08479816398 -6.48400240558 -11.6344604116 -16.2263318832 -20.5005910745 -24.6536933757 -27.9578060061 0
 0 50.5444693166 52.233938802 53.787474613 55.1581739093 56.2383286271 56.927533602 57.142912977 56.8904957024 56.2149946399 55.1726235015 53.7821252454 52.0728097196 50.0048273567 47.5313094177 44.544973467 40.9833351081 36.775264118 31.9658740678 26.6068513226 20.8544452797 14.8166898044 8.68494220044 2.58586832182 -3.23997985878 -8.73958519069 -13.7731470307 -18.4905404428 -22.8134622927 -27.054437189 0
 0 52.1557232359 53.9061749072 55.6107523854 57.1550920041 58.4363135865 59.3178223514 59.7399105257 59.6847195409 59.2361427764 58.410177598 57.257817139 55.756829096 53.9098852372 51.6130368573 48.8106510697 45.3568606583 41.2606719681 36.4579461186 31.122198739 25.2533462939 19.1275157286 12.7226206755 6.41642906935 0.185760511252 -5.59977834362 -11.0729175133 -16.1698952985 -20.6878673274 -25.80229123 0
 0 54.7450794005 56.4842348559 58.2181515396 59.807843699 61.1633034681 62.1300899663 62.6639923092 62.732184928 62.4440425964 61.785067213 60.8217568859 59.4967245522 57.8364575797 55.7004314516 53.0614968528 49.7209644275 45.7295823654 40.9565850626 35.6395922573 29.6883267298 23.4725045256 16.840481124 10.3403275134 3.72744518871 -2.24978369127 -8.33568007051 -13.2761929515 -19.1560261637 -22.4421653937 0
 0 58.1239883683 59.8854296258 61.6227555015 63.2080659267 64.5587177968 65.5355997853 66.1075087234 66.2457908409 66.0482971781 65.5003971071 64.6606359499 63.4666200793 61.9346643922 59.9238556254 57.3968896586 54.1613686566 50.2439989702 45.5216557764 40.1843582227 34.1814444472 27.8149447764 21.0404871377 14.2586349084 7.46237856792 1.0156170267 -5.11651697921 -10.9355809951 -16.037657603 -21.8161211892 0
 0 62.3937695064 64.1320057752 65.7987968969 67.3075460669 68.5743949111 69.4950395461 70.0348307029 70.1879155066 70.0182431616 69.5317924646 68.7541329925 67.6467726848 66.1856153279 64.2660987426 61.8024463144 58.6555544743 54.7764150635 50.1051169305 44.7168178217 38.6721941285 32.1339912302 25.2357743061 18.1824735461 11.1940394739 4.38782496354 -1.99780313001 -8.13998527462 -13.6430825719 -19.2149249802 0
 0 67.6626024504 69.081484674 70.5031913059 71.829435808 72.9362246578 73.7457846156 74.2016017506 74.3250064816 74.1390492941 73.6750592869 72.915649377 71.8580183919 70.4267496238 68.5685753868 66.1364033161 63.0565922991 59.1956719688 54.5625560341 49.1176406206 43.026458937 36.3328396727 29.3050684842 22.0264107971 14.8165962859 7.76039388619 1.01341345079 -5.21947954594 -11.3853993202 -16.4195226984 0
 0 72.3050358459 73.6363199485 74.9328001636 76.1404755712 77.1244694499 77.8411894619 78.2201357077 78.307124744 78.0952218936 77.633856396 76.8734489219 75.8386777161 74.4171115277 72.5934669879 70.1790447837 67.142249709 63.2974433775 58.6866032581 53.2014427899 47.0623291834 40.2457565699 33.1055780071 25.6234237891 18.2621510266 10.8917702721 4.04604785491 -2.70918714592 -8.5873816307 -14.8179336778 0
 0 76.0409070446 77.3553728142 78.6133270599 79.777411369 80.7121909439 81.3909774114 81.740297194 81.8138437993 81.5916177072 81.1288530808 80.3668729514 79.3372545553 77.9210324038 76.1086663756 73.7102333359 70.6927903314 66.8702660746 62.2656196873 56.7752079566 50.5883213057 43.7110681306 36.4576673637 28.8591474039 21.3244957874 13.7807174286 6.73292438788 -0.233084716341 -6.27306220449 -12.7342825586 0
 0 78.7859149199 80.0915788827 81.3626759003 82.5402412909 83.4932317608 84.1887965492 84.5599751484 84.6491403162 84.4388225078 83.9774467093 83.2196714277 82.1846024368 80.7745635332 78.9578513816 76.5768816067 73.5639981634 69.7706688787 65.1662026162 59.7029598805 53.4787288281 46.5995259303 39.2386833419 31.6159937401 23.8744342317 16.3336466889 8.91905496274 2.15833117335 -4.62968297853 -10.2055373301 0
 0 80.3244903907 81.8005477122 83.1951777273 84.456260467 85.4809177596 86.2289167505 86.6507758691 86.7698151276 86.5826058747 86.1219552643 85.3685194075 84.3205247 82.9134134754 81.0858279146 78.7207481592 75.7115301109 71.9505399287 67.357911503 61.9315090691 55.7016644269 48.8319945612 41.4225207621 33.7682641673 25.9303770583 18.3114115448 10.7873499372 3.88014853617 -2.88398393726 -8.94483446939 0
 0 81.4963659386 83.0313953088 84.49179994 85.8034842785 86.8781773085 87.6615051861 88.119345534 88.2536796762 88.0766908472 87.6039038243 86.8428347504 85.7725338174 84.3590630773 82.5180848081 80.1642043977 77.1644041372 73.4349490907 68.8709605016 63.4797040952 57.2767608582 50.4094866203 43.0105756324 35.2981973001 27.4657853167 19.6995940969 12.2249100213 5.05954475117 -1.54030197309 -7.97929890483 0
 0 82.521518657 84.0306281722 85.4780579739 86.7746391594 87.8427532584 88.6164760009 89.071553849 89.1914417335 88.9987831271 88.4957197792 87.710029473 86.6079068772 85.1776688966 83.3214181412 80.9746745119 77.9881625261 74.2920250778 69.764427707 64.4151636065 58.2480911339 51.3999250405 44.0190692734 36.2819040113 28.4500112154 20.5983410375 13.133965834 5.82517905075 -0.71443513917 -7.34014962196 0
 0 83.2912304917 84.716711133 86.0891566986 87.3200809893 88.3418623203 89.0794442627 89.5113201065 89.6057561949 89.3876589961 88.8511259969 88.0339266374 86.8984250598 85.445111988 83.5731975719 81.2305100217 78.2594894059 74.6015835953 70.1146318415 64.8249183083 58.6934297759 51.9027002574 44.518449415 36.8308806864 28.9275169304 21.1312719994 13.5165527532 6.29710449639 -0.423494643824 -6.99798707514 0
 0 83.4509944801 84.6895350803 85.9586535702 87.1434814938 88.1632624072 88.9123644256 89.3672667109 89.4805227564 89.2693418644 88.7225601991 87.8794931801 86.7153613274 85.2297983132 83.340083279 80.995398331 78.0498985658 74.4397104912 70.022671879 64.8175315093 58.7594738553 52.0464216278 44.6812813186 37.0588487654 29.0755217678 21.3811434163 13.4959241137 6.56591585254 -0.778783381334 -6.58256428848 0
 0 81.7339502706 82.9870763491 84.4625327964 85.8915591119 87.1471519605 88.0704418316 88.6852576057 88.9169932365 88.7591839047 88.2024421496 87.3104831897 86.0956380542 84.5414242936 82.6293066111 80.2955729104 77.4291871639 73.9273797051 69.6855715512 64.6296255241 58.7316916363 52.0599274225 44.7853203087 37.094734181 29.1832248451 21.2545064266 13.3793316807 6.13835596745 -1.39034479067 -6.65576422685 0
 0 75.3877819425 78.8783669335 81.7267119091 84.010874763 85.780428926 87.0079946665 87.9326882532 88.2663203017 87.9833934399 87.1982700567 86.1225707019 84.755046492 83.0921333127 81.2802618838 79.1641932649 76.6472968725 73.5548671538 69.7615904537 64.9593610828 59.1493981123 52.3433232864 45.0644808602 37.1113934375 29.1724674752 20.3314332495 12.7311357247 3.60558614751 -1.2631788662 -11.0387146967 0
 0 0 0 0 0 0 0 0 0 0 0 0 0 0 0 0 0 0 0 0 0 0 0 0 0 0 0 0 0 0 0