examples/vvv64/T(Time,Ro)_SvF.asc
NCOLS 31
NROWS 51
XLLCORNER 2.7995
YLLCORNER -0.01
CELLSIZE 0.001
NODATA_VALUE -99999
[rows 0 to 36 of 51, columns 0 to 30 of 31]
0.00112459852343 0.000735654501477 9.46834805725e-05 -0.000185475458586 -0.000380580269099 -0.000437716274922 -0.000465921117394 -0.000437971394261 -0.000412723661186 -0.000381586247039 -0.000379132551911 -0.000400411529727 -0.000459001971052 -0.000545822433528 -0.000656282062638 -0.00077817230257 -0.00089433370393 -0.000995001265662 -0.00105561765842 -0.00107516300784 -0.00102408586985 -0.00091640887646 -0.000716578370324 -0.000460860396957 -0.000100775295148 0.000298698592426 0.00082125442261 0.00137937885368 0.00217427080386 0.00318340528796 0.00414071906638
0.0852145237657 0.0832013657221 0.0817926793462 0.0809547615556 0.0805157943946 0.0804188317614 0.0805403170295 0.0808255356895 0.0811809643838 0.0815677683193 0.0819279877041 0.0822583712481 0.08254562196 0.0828290014749 0.0831311985429 0.0835209113751 0.0840319889069 0.0847413413624 0.0856653316065 0.0868732446041 0.0883381737828 0.0901192700224 0.0921210382977 0.0944114941797 0.096793116274 0.0994067639633 0.101887003656 0.104614420405 0.106869360446 0.109714874846 0.111484887468
0.167653801469 0.165971754893 0.164692497876 0.163857574481 0.163406774243 0.163314767304 0.163492096945 0.163885676933 0.164399936509 0.164987047295 0.165574847981 0.16615451387 0.166700682776 0.167259527544 0.167850000054 0.168562308289 0.169433228992 0.170571746277 0.171997251575 0.173814153341 0.175991600759 0.1786173667 0.181582994479 0.184963301515 0.188553691991 0.1924416636 0.196329915646 0.200357370651 0.204197199927 0.208000351557 0.211715245937
0.249872206252 0.248641775189 0.247727373563 0.247163828452 0.246921024841 0.246993212948 0.247315212441 0.24784850646 0.248508445835 0.249252542923 0.250010368131 0.250772899586 0.251514198938 0.2522790453 0.253089448621 0.254034724698 0.255162518452 0.256579268725 0.258326378277 0.260497130815 0.263098787792 0.266186211819 0.269716063943 0.273685107063 0.278004768739 0.282599730505 0.28738554728 0.292195934678 0.297070104814 0.301691200424 0.30641946248
0.332546398603 0.33154122186 0.330851757777 0.33049686563 0.33044518016 0.330689011114 0.331168721063 0.331848633401 0.332650628687 0.333533730847 0.334433339258 0.335339073167 0.336231813662 0.337151942031 0.338131660654 0.339251881005 0.340576550627 0.342197652198 0.34418235784 0.346599818906 0.349496459017 0.352888144607 0.356787694214 0.361132727916 0.36590747335 0.370959782147 0.376278810143 0.381636832972 0.387082368094 0.392367474381 0.397618607043
0.41580386487 0.414795776924 0.414140066443 0.413841743992 0.413863785816 0.414190938948 0.414761979965 0.415536692768 0.416437894711 0.417421032843 0.418424540426 0.419434940063 0.420438885025 0.4214736171 0.422579671556 0.423833427877 0.425309249394 0.427092302258 0.429261922252 0.431878288882 0.435000752164 0.438636040326 0.442806955884 0.447446977338 0.452537672876 0.457940069552 0.463609721344 0.469372280712 0.475187780021 0.48092206599 0.486564426382
0.49928600191 0.498204549086 0.497492623662 0.497155654512 0.4971596336 0.497486553089 0.498075761274 0.498882775251 0.499829912805 0.500868076312 0.501935640619 0.503016353755 0.504098599506 0.505219650272 0.506422472375 0.5077858307 0.509384805431 0.51130953065 0.513635651031 0.516432607339 0.519748532441 0.523607202845 0.528008471763 0.532914687749 0.538267584272 0.543972241636 0.549925809748 0.556011657628 0.562122982948 0.568181446055 0.574129227291
0.582422146724 0.581233795236 0.580427525284 0.580009428494 0.579952400592 0.580237851087 0.580809111811 0.581618302592 0.582588325381 0.583665017774 0.584785861104 0.585931230751 0.587089415831 0.58829817409 0.589600259396 0.591078745104 0.592805709669 0.594879727074 0.597367743675 0.600353146715 0.603866837214 0.607954612684 0.612587682069 0.617760234967 0.623371527874 0.629367950842 0.635592844798 0.641975056447 0.648356097693 0.654691292882 0.660901309057
0.664497957366 0.663193858383 0.662289789601 0.661791537905 0.661683116263 0.661943841241 0.662524119284 0.663369553079 0.664405263458 0.66556770082 0.666794583989 0.668058227127 0.669348708555 0.670699437708 0.672156252086 0.673800864978 0.675707745096 0.677976305121 0.680673314439 0.683885089217 0.687638215646 0.691984755555 0.696885395239 0.70234541235 0.708242916217 0.714544207892 0.721054347496 0.727740513927 0.734380630866 0.740999207121 0.747427601006
0.744742874127 0.74335818673 0.742409738301 0.741904023503 0.741841447813 0.742191398715 0.742911913795 0.743932189891 0.745179956074 0.746572951582 0.748051003026 0.749570076412 0.751126323192 0.752740848457 0.754469553859 0.756383565833 0.758570132374 0.761117121374 0.764106429162 0.767609358316 0.771670674966 0.776322413313 0.781547441794 0.787323966999 0.793554490052 0.800173142603 0.807003783776 0.813993439483 0.820905030413 0.827810920727 0.834413369741
0.822503898638 0.821166665234 0.820364981738 0.820089686032 0.820347652325 0.821074272289 0.822229672811 0.823710352208 0.825446974854 0.827327786856 0.829298205669 0.831290384461 0.833312160077 0.835366620191 0.837526679195 0.839847303527 0.842436830792 0.845364697619 0.848738577189 0.852604628722 0.857040835641 0.862042877787 0.867639783108 0.873752992912 0.880352699514 0.887280783608 0.894468475072 0.901712920465 0.9089506454 0.916038774723 0.922880354124
0.897584116264 0.896694035457 0.896599558972 0.897137187149 0.898278516528 0.899894606453 0.901951169444 0.904303424867 0.906895360779 0.909581876319 0.912323490357 0.915026662995 0.917718790514 0.920384815636 0.923120124495 0.925965178002 0.929051822491 0.932435033874 0.93624712488 0.940516189774 0.945347705145 0.950712977662 0.956675392255 0.963118196207 0.97005951434 0.977273218309 0.984778490735 0.992223167242 0.999779176829 1.00686354809 1.01420550568
0.970493692572 0.971961555167 0.973890470455 0.976189024336 0.978934873085 0.981995279808 0.985395971691 0.988968790926 0.992698748522 0.996412475941 1.00010185146 1.00364906808 1.00711179332 1.01045812886 1.01381182886 1.01720218243 1.02078475891 1.0246079052 1.02882151478 1.03345088706 1.03861136885 1.04427800135 1.05051388778 1.05721597472 1.06437846496 1.07181924409 1.07946806145 1.08712420712 1.09466580454 1.10203771082 1.10897214171
1.04497540961 1.04881561539 1.05289191293 1.05706572662 1.06149897029 1.06604002373 1.07078942442 1.07555232683 1.08037060547 1.08503798419 1.08959016718 1.09387852226 1.09800257814 1.10190574217 1.10575039012 1.10954720108 1.11348281281 1.11759457146 1.12205264042 1.12688068208 1.13219981885 1.13799722387 1.14432709426 1.15110934961 1.15831301015 1.16578696572 1.1734185107 1.18105004264 1.18849117658 1.19576754891 1.20250736166
1.1242180909 1.12952002673 1.13484440049 1.14006995502 1.14545689133 1.15082416978 1.15634214197 1.16177116467 1.16720943153 1.17239926137 1.17742477633 1.18208628603 1.18653708007 1.19067185413 1.19470975216 1.19861525376 1.20262892423 1.20674750334 1.21118720583 1.21594088987 1.22116000864 1.22681938544 1.23298620091 1.23958118303 1.24657577529 1.25380668847 1.26120244014 1.26848642194 1.27570563453 1.28243560437 1.289025228
1.20822896484 1.21273237324 1.21752569792 1.22234758581 1.22745600238 1.23259423829 1.2379649103 1.24325774766 1.24861307427 1.25369777759 1.25864412155 1.26317331559 1.26750381925 1.27144678642 1.27530191385 1.27894398047 1.28270540936 1.28648778058 1.29060632883 1.29495743013 1.29978765872 1.30498992727 1.31070574519 1.31680873507 1.32328909565 1.33001020243 1.33682130756 1.34356485287 1.35015955356 1.35617594181 1.36241009123
1.2859980425 1.28880022417 1.29202214969 1.29543840134 1.29933833891 1.30341881552 1.30789898365 1.3123985743 1.31708740901 1.32154609421 1.32595445513 1.32993539199 1.33377683829 1.33718078653 1.34054312365 1.34361284637 1.3468489403 1.35000223192 1.35354775992 1.35720083427 1.36140574969 1.36584432963 1.37088152081 1.37617142803 1.38190556247 1.38781354165 1.39374552947 1.39980657855 1.40515938463 1.41100151543 1.41501130795
1.36782669938 1.36812102324 1.36928726588 1.37097298147 1.3734016577 1.37620677151 1.37959293439 1.38311864398 1.38696732455 1.39064552973 1.3943662991 1.39766583726 1.40088698661 1.40363127148 1.40637802796 1.40875432396 1.41134057115 1.41372949224 1.41656949353 1.41936166024 1.42280292736 1.42627181603 1.43050588571 1.43470427632 1.43963503045 1.44431097614 1.44950317118 1.45415887272 1.45885560418 1.4632258074 1.46622387162
1.45882137058 1.45811483079 1.45830920171 1.45909706629 1.46071328608 1.46278651557 1.46552114922 1.46845286478 1.47177053516 1.47494559981 1.47820041077 1.48102839237 1.48378972989 1.48603586188 1.48827652365 1.49007865125 1.49207313436 1.49377486531 1.49591262454 1.49787961147 1.50050380921 1.50300024639 1.50632838664 1.50939694807 1.51340264223 1.51674100924 1.52117643908 1.524024996 1.52871804375 1.5296981599 1.53575245599
1.57143606475 1.57115474225 1.57171085841 1.57278816321 1.5746345122 1.57689257991 1.57977204818 1.58282162347 1.5862203264 1.58945207768 1.59271945309 1.5955299988 1.59821081109 1.60033414923 1.60236441877 1.60390150244 1.60551794489 1.60678288774 1.60834447337 1.60968799352 1.6115241633 1.61322524267 1.61555263255 1.61771196667 1.62049752584 1.6229467205 1.62583453634 1.6281652903 1.63044172019 1.63245685819 1.63289094984
1.68659198876 1.68811065806 1.6901520942 1.69252060053 1.69550833485 1.69879834282 1.7025920173 1.7064761898 1.71059791498 1.71448991459 1.71830350416 1.72160841017 1.72465427421 1.72709302366 1.72928251542 1.73092771415 1.73246181496 1.73360015787 1.73480458293 1.73577175479 1.73696010178 1.73805165535 1.73944722008 1.74082281736 1.74241950198 1.74400956846 1.74547613384 1.74698588881 1.74765298678 1.74882305527 1.74791351433
1.79197657493 1.794874058 1.7985571673 1.80262244834 1.80723440155 1.81206880403 1.81727004993 1.82247034426 1.82776193349 1.8327461562 1.83750393784 1.84169052694 1.84545885361 1.84856253357 1.85123284541 1.85329733501 1.85503297653 1.85630837631 1.8573972722 1.85819003283 1.85893037121 1.85953350569 1.86017479905 1.86077447499 1.86139580201 1.86194636645 1.86238634692 1.86252148281 1.86246029911 1.86149774632 1.86099435968
1.870699226 1.87672829554 1.88291307698 1.88913872024 1.89564397039 1.90221418091 1.90897315631 1.91563127806 1.92222867319 1.92844586367 1.93429682315 1.93951910206 1.94417832068 1.94811385796 1.9514487286 1.9541044405 1.9562308315 1.95780162405 1.95895539389 1.95970023027 1.96015166914 1.96034567214 1.96035980429 1.96021450058 1.95993667652 1.95947222639 1.95883011015 1.9577985749 1.95648057835 1.95449276119 1.9520860618
1.94095356017 1.9483745075 1.9559982033 1.96367238701 1.97154994366 1.97945549862 1.98745689708 1.9953183938 2.00302525646 2.01031718928 2.01715298563 2.02332686047 2.02884018483 2.03358247826 2.03760201697 2.04086652281 2.04344300931 2.04534998608 2.04664630982 2.047388369 2.04762490819 2.04744700964 2.04688295772 2.04602355754 2.04484666832 2.04341178125 2.04161685882 2.03949588591 2.0368221969 2.03375936983 2.02984271289
2.01088018853 2.01867247341 2.02677837252 2.03505768215 2.04358680439 2.05220783477 2.0609304415 2.06954464348 2.07798947428 2.08603339757 2.09359810823 2.10050071307 2.10670540779 2.11211203779 2.11672905089 2.12052268008 2.12351899126 2.12572717326 2.12717223691 2.12790265996 2.12794660016 2.12739862524 2.12628014561 2.12470770462 2.12265239337 2.1202321256 2.11732238242 2.11404188115 2.11013508981 2.10578500034 2.10065139119
2.08440418569 2.09210633424 2.10019127769 2.10855500541 2.11723778797 2.12610241403 2.13512501392 2.14410766503 2.1529632361 2.16146599275 2.16952146867 2.17694173922 2.18367887795 2.18961041559 2.19473456313 2.19897788287 2.20235958112 2.20483593955 2.20643630344 2.20715261578 2.20703652262 2.20613119631 2.20450687741 2.20223616212 2.19936359558 2.19596151607 2.19201501377 2.18755984274 2.18250960269 2.17686365079 2.17054607229
2.1632402585 2.17070685467 2.17859705497 2.18684753424 2.19548747329 2.20440142049 2.21355061328 2.22274224113 2.23187749028 2.24072423992 2.2491855168 2.25705354343 2.26428378108 2.27071391138 2.27634975447 2.28105695133 2.28486849261 2.28766111319 2.28949357367 2.2902673376 2.29009018449 2.28891132684 2.28689273716 2.28401202614 2.28043701839 2.27614063416 2.27126726548 2.26572782056 2.25962577663 2.25279009876 2.24534418888
2.24805105843 2.25530425468 2.26304654397 2.27125729325 2.27995331958 2.28903028462 2.29843041915 2.30796001975 2.31750634105 2.32682964443 2.3358293634 2.34428026953 2.352140858 2.35921293349 2.36550921936 2.37083827564 2.37524561187 2.37852917164 2.38077757197 2.3817962453 2.3817546027 2.38049478772 2.37828195753 2.37498347106 2.37089680923 2.365893222 2.36026371185 2.35382344805 2.34681467139 2.33896031473 2.33053977478
2.33908308478 2.34630894708 2.35427832147 2.36290182437 2.37212710418 2.38183511322 2.3919297514 2.40221784627 2.41256096759 2.42272566311 2.43259530743 2.44194955145 2.45073357781 2.45874231094 2.46597320396 2.47221155904 2.47748646377 2.48155346906 2.48449640762 2.48606058152 2.48644025751 2.48540151828 2.48327978373 2.47985491609 2.47552929429 2.47008765269 2.46394974521 2.45685908646 2.44913970596 2.44054531817 2.43120409079
2.43597498699 2.44474314625 2.4542028646 2.46428706894 2.47492989759 2.48603857428 2.49749575394 2.50913726586 2.52079776883 2.5322803886 2.54343943784 2.5540962965 2.56415743514 2.57345896285 2.58194489847 2.58943422735 2.59588772123 2.60108671858 2.60504006058 2.60751469553 2.60864004323 2.60819947796 2.60649422696 2.60330479728 2.59905919278 2.59350017352 2.58716929653 2.57967217328 2.57158067186 2.5623728977 2.55251865222
2.53733932157 2.54904753218 2.56110424924 2.57354609746 2.58635190836 2.5994934747 2.61285430618 2.62632485232 2.6397161746 2.65289373245 2.6656744302 2.67795268195 2.68957447775 2.70046089672 2.71046611363 2.71949856905 2.7273963361 2.73404099967 2.73928360456 2.74301553908 2.74517926259 2.74571648433 2.74472141035 2.74215739889 2.73826919107 2.73297152718 2.72670489989 2.7191240117 2.71094949789 2.70128069491 2.69141918552
2.64037700419 2.65471465185 2.66926680634 2.68405915827 2.69907371091 2.71431647856 2.72966535056 2.74505540534 2.76027427163 2.775246195 2.78975295313 2.80376263746 2.81705983136 2.82965840554 2.84131582746 2.85204626925 2.86154758995 2.86983202721 2.87655457594 2.88178565315 2.88520653698 2.88701409874 2.88695789951 2.88536317467 2.88203062192 2.87739923983 2.87130283662 2.86414745103 2.85581611622 2.84635746986 2.83625980987
2.74035606738 2.7565341718 2.77283404965 2.78932292918 2.80600645422 2.82290082767 2.83988171671 2.85689456981 2.87371589803 2.89029221436 2.90639349861 2.92202079054 2.93693094489 2.95118378271 2.96448495087 2.97690227704 2.98804901501 2.99800876281 3.00630671854 3.01312359299 3.0179536502 3.02117161119 3.02225546552 3.02182150705 3.01926729736 3.01554432266 3.0097955739 3.00342829608 2.99484590954 2.98652766509 2.97477911727
2.8298291868 2.84631855797 2.86320853655 2.88047510071 2.89808650721 2.91600510612 2.93410489158 2.95228954489 2.9703536798 2.98821066665 3.00566097584 3.02267242907 3.03903784579 3.05477349419 3.06962253633 3.08360057736 3.09635390818 3.10790144303 3.11780055317 3.12615804853 3.13250313411 3.13712781409 3.13954865047 3.14029065089 3.13882545169 3.13596798262 3.13106914475 3.12515042803 3.11740208403 3.10871463245 3.0987635467
2.9122966932 2.92884633225 2.94599300607 2.96366895811 2.98185132248 3.00044107405 3.01934354157 3.03839276312 3.05743881689 3.07631976026 3.09491547998 3.11310150926 3.13077023014 3.14781671574 3.16410678171 3.17950425535 3.19380343069 3.20682647875 3.21832027344 3.22813706147 3.23605817432 3.24204002499 3.24593596752 3.24782998645 3.24765987974 3.24566999988 3.24183348961 3.23648790186 3.22950646265 3.221278927 3.21147017119
2.99053311686 3.00760936728 3.02530359902 3.04354681722 3.06237743394 3.08165021189 3.10133497633 3.12119542679 3.14116158335 3.16098523982 3.1806523452 3.19992535822 3.21882422329 3.23709657762 3.25476414679 3.27150526885 3.28730458083 3.30174317596 3.31481169548 3.32604847337 3.33555982797 3.34288403757 3.34831150512 3.35136578468 3.3525891245 3.35148962503 3.34885593894 3.34410768002 3.33807600874 3.33031576846 3.32087448125
3.06966871259 3.08760319822 3.1061654322 3.12525935479 3.14497753322 3.16513125059 3.18575306887 3.20655131057 3.22752906374 3.24837276719 3.26915842547 3.289562812 3.30970626339 3.32922729503 3.34826390178 3.366360916 3.38363823302 3.39950822562 3.41412462126 3.42681261566 3.43788434943 3.44660483348 3.45353268578 3.45783182089 3.46042623746 3.46031678435 3.45892638166 3.45475966431 3.45007558636 3.4419889802 3.43511414277
